1
2
3
4
5
6
7
32
33
199
200
224
225
8 9 10 11 12 13 14 15 16 17 18 19 20 21 22 23 24 34 35 196 197
#36  floor grates
#37
#38
#39
#40
#41
#42
#43
#44
#45
#46
#47
#48
#49
#50
#51
#52
#53
#54
#55
#56
#57
#58
59 73 74 75 76 78 80
#60
#61 texture
62
# moustache guy
191 63 68 91 86 96 101 106 111 116 121 131 136 141 146 151 156 166 171 176 181 186
# blond person
192 64 69 92 87 97 102 107 112 117 122 132 137 142 147 152 157 167 172 177 182 187
# beard guy
193 65 70 93 88 98 103 108 113 118 123 133 138 143 148 153 158 168 173 178 183 188
# warrior lady
194 66 71 94 89 99 104 109 114 119 124 134 139 144 149 154 159 169 174 179 184 189
# lizard guy
195 67 72 95 90 100 105 110 115 120 125 135 140 145 150 155 160 170 175 180 185 190

77 79
#82 fuzzy bg
#83
#84 empty book
#85 peskin's fav img

201 198
202 31
#222  glyphs
#223  glyph mask?
