1 2 3 4 5
6 7 8 9
34 35 36 37 38 39 40 41 42 43 44 45 46 47 48 49 50 51 52 53 54 55 56 57 58 59 60 61 62 63 64
65 66 67 68 69 70 71 72 73 74 75 76 77 78 79 80 81 82 83 84 85 86 87 88 89 90 91 92 93 94 95
96 97 98 99 102 103 104 105 106 107 108 109 110 111 112 113 114 115 116 117 118 119
120 121 122 123 124 125 126 127 128 129 130 131 132 133 134 135 136 137 138 139 140
149 150 151 152 153 154 157 158 159 160 161 162 163 164 165
166 169 170 171 173 174 175 176 177 178 179 185 186 187 188
189 190 191 192 193 194 195 203 204 205 206 207 208 209 210 211
212 213 214 215 216 217 218 219 220 221 222 223 224 225 226 227 228 234
235 236 237 238 239 240 241 242 243 244 245 246 247 248 249 250 251 252 253 254 255 256 257
258 259 260 261 262 263 264 265 266
313 314 315 316 317 318 319 320 321 322 323 324 325 326 327 328
329 330 331 332 333 334 336 426 460 467 486 506
544 545 546 547 548 549 550 551 552 553 554 555 556 557 558 559 560 561 562 563
564 565 566 567 568 569 570 571 572 573 574 575 576 577 578 579 580 581 582 583 584 585 586 587 588 589
590 591 592 593
604 605 606 607 608 609 610 611 612 613 614 615 616 617 618 619 620 621 622 623 624 625 626 627 628 629 630 631 632 633 634 635 636 637 638
639 640 641 642 651 652 653 654 655 656
659 660 661 662 663 664 665 666 667 668
671 672 673 681
687 688 689 690 691 692 693 694 695 696 697
705 706 707 708 709 710 711 712
714 715 716 717 718 719 720 721 722 723 724 725 726
727 728 729 730
736 737 738 739 740 741 742 743 744 745 746 747 748 749 750 751 752 753
754 755 756 757 758 759 760 761 762 763 764 765
766 767 768
